Resistance per unit length (ohm/um): 0.0165
Capacitance per unit length (F/um): 1.8400e-016
Sink node capacitance (F): 2.500000e-016
Buffer output resistance (ohm): 0.01
Sinkcount: 267
Nodecount: 965

%thisnode  parnode  lcnode  rcnode  length(um)  xloc(um)  yloc(um)

1 534 -1 -1 405.080000 29322.000000 41420.000000
2 535 -1 -1 1635.360000 26208.000000 51579.000000
3 536 -1 -1 561.000000 35565.000000 61661.000000
4 537 -1 -1 223.150000 36852.000000 64281.000000
5 538 -1 -1 648.000000 33416.000000 62525.000000
6 539 -1 -1 1828.300000 36915.000000 67124.000000
7 270 -1 -1 126.700000 32275.000000 58078.000000
8 327 -1 -1 1358.200000 30591.000000 67258.000000
9 540 -1 -1 648.000000 33180.000000 61229.000000
10 541 -1 -1 3871.620000 43063.000000 69393.000000
11 314 -1 -1 1084.900000 36871.000000 61100.000000
12 542 -1 -1 4248.380000 43027.000000 61273.000000
13 543 -1 -1 2887.870000 51342.000000 60304.000000
14 349 -1 -1 1500.600000 48402.000000 50963.000000
15 544 -1 -1 731.400000 47169.000000 48731.000000
16 545 -1 -1 2865.890000 52320.000000 39499.000000
17 546 -1 -1 104.000000 53329.000000 36125.000000
18 336 -1 -1 1290.400000 50974.000000 41565.000000
19 547 -1 -1 294.090000 54258.000000 39095.000000
20 548 -1 -1 2206.560000 63990.000000 36007.000000
21 348 -1 -1 1337.200000 57164.000000 37226.000000
22 906 -1 -1 718.500000 52707.000000 34101.000000
23 550 -1 -1 380.310000 49281.000000 28791.000000
24 382 -1 -1 1814.700000 46469.000000 31039.000000
25 551 -1 -1 1.000000 37908.000000 21556.000000
26 552 -1 -1 1272.020000 34929.000000 27721.000000
27 553 -1 -1 984.000000 34185.000000 24396.000000
28 554 -1 -1 945.300000 37959.000000 29214.000000
29 325 -1 -1 1153.400000 44933.000000 26816.000000
30 555 -1 -1 181.600000 41203.000000 23650.000000
31 389 -1 -1 2206.700000 47123.000000 25155.000000
32 556 -1 -1 411.290000 45869.000000 32701.000000
33 557 -1 -1 645.000000 49001.000000 26323.000000
34 274 -1 -1 176.900000 45937.000000 27631.000000
35 312 -1 -1 717.700000 37881.000000 30877.000000
36 558 -1 -1 146.500000 33099.000000 20646.000000
37 559 -1 -1 64.570000 32858.000000 20169.000000
38 560 -1 -1 1699.000000 23282.000000 12967.000000
39 561 -1 -1 2038.600000 20313.000000 23235.000000
40 562 -1 -1 48.850000 10979.000000 19275.000000
41 563 -1 -1 949.600000 2691.000000 10735.000000
42 564 -1 -1 1463.230000 14975.000000 11439.000000
43 565 -1 -1 1731.190000 18590.000000 4776.000000
44 362 -1 -1 2517.700000 26532.000000 11268.000000
45 907 -1 -1 1322.075000 30550.000000 14482.000000
46 350 -1 -1 1876.900000 31657.000000 23412.000000
47 567 -1 -1 270.400000 25519.000000 21602.000000
48 568 -1 -1 480.400000 19310.000000 20716.000000
49 569 -1 -1 149.500000 28348.000000 27359.000000
50 293 -1 -1 742.100000 18734.000000 35167.000000
51 315 -1 -1 823.500000 18801.000000 45185.000000
52 570 -1 -1 111.540000 19553.000000 49180.000000
53 571 -1 -1 282.500000 18037.000000 46291.000000
54 572 -1 -1 242.800000 18373.000000 40844.000000
55 286 -1 -1 447.100000 11369.000000 49912.000000
56 573 -1 -1 324.000000 10771.000000 49588.000000
57 908 -1 -1 209.925000 16846.000000 53625.000000
58 301 -1 -1 789.500000 18616.000000 61952.000000
59 575 -1 -1 531.190000 19377.000000 66777.000000
60 576 -1 -1 881.810000 18899.000000 68190.000000
61 577 -1 -1 355.000000 23722.000000 62268.000000
62 309 -1 -1 698.700000 14803.000000 68309.000000
63 578 -1 -1 13.000000 24346.000000 61900.000000
64 579 -1 -1 379.310000 14186.000000 67231.000000
65 580 -1 -1 592.950000 16594.000000 56976.000000
66 409 -1 -1 2205.400000 24284.000000 56762.000000
67 581 -1 -1 1285.670000 14687.000000 52123.000000
68 582 -1 -1 2182.050000 17493.000000 59751.000000
69 583 -1 -1 641.820000 21314.000000 57535.000000
70 584 -1 -1 1380.000000 22295.000000 65445.000000
71 305 -1 -1 855.900000 17744.000000 64065.000000
72 585 -1 -1 248.000000 28181.000000 64757.000000
73 586 -1 -1 248.000000 26101.000000 64261.000000
74 587 -1 -1 278.000000 19115.000000 64343.000000
75 588 -1 -1 2553.050000 12274.000000 58152.000000
76 363 -1 -1 2200.400000 4147.000000 50448.000000
77 589 -1 -1 454.410000 11262.000000 43646.000000
78 279 -1 -1 328.700000 14453.000000 50146.000000
79 590 -1 -1 677.460000 17900.000000 49969.000000
80 591 -1 -1 328.200000 17969.000000 40273.000000
81 337 -1 -1 1458.300000 11910.000000 36524.000000
82 592 -1 -1 774.750000 7540.000000 32712.000000
83 593 -1 -1 71.590000 5887.000000 37318.000000
84 594 -1 -1 1335.590000 12698.000000 45436.000000
85 595 -1 -1 306.860000 18596.000000 36216.000000
86 596 -1 -1 173.040000 28577.000000 29368.000000
87 272 -1 -1 238.600000 31927.000000 33781.000000
88 396 -1 -1 1893.000000 34505.000000 30886.000000
89 597 -1 -1 146.500000 33439.000000 20939.000000
90 598 -1 -1 1.000000 37119.000000 21558.000000
91 599 -1 -1 200.000000 42956.000000 26616.000000
92 343 -1 -1 1740.300000 42683.000000 16807.000000
93 600 -1 -1 567.410000 50614.000000 12885.000000
94 601 -1 -1 161.490000 59105.000000 21659.000000
95 602 -1 -1 67.570000 60852.000000 25831.000000
96 603 -1 -1 2145.620000 60744.000000 29484.000000
97 604 -1 -1 89.430000 62249.000000 25988.000000
98 909 -1 -1 746.500000 67490.000000 35566.000000
99 605 -1 -1 201.350000 69048.000000 33581.000000
100 606 -1 -1 1227.880000 64076.000000 24777.000000
101 607 -1 -1 48.650000 54837.000000 32306.000000
102 356 -1 -1 2060.000000 65175.000000 29064.000000
103 608 -1 -1 833.890000 58141.000000 23253.000000
104 609 -1 -1 746.060000 51409.000000 15433.000000
105 610 -1 -1 921.560000 41313.000000 19857.000000
106 287 -1 -1 565.600000 50132.000000 14390.000000
107 448 -1 -1 970.000000 60515.000000 21681.000000
108 611 -1 -1 79.120000 65585.000000 26084.000000
109 612 -1 -1 114.000000 68893.000000 28950.000000
110 613 -1 -1 727.000000 59539.000000 20954.000000
111 422 -1 -1 3286.700000 65830.000000 14569.000000
112 614 -1 -1 676.000000 58914.000000 8021.000000
113 364 -1 -1 2492.200000 63541.000000 8697.000000
114 615 -1 -1 1697.510000 61682.000000 12464.000000
115 346 -1 -1 1760.600000 55258.000000 14834.000000
116 616 -1 -1 689.000000 57828.000000 15523.000000
117 910 -1 -1 290.925000 62073.000000 16095.000000
118 618 -1 -1 4581.050000 53698.000000 12028.000000
119 619 -1 -1 1172.520000 53377.000000 6402.000000
120 323 -1 -1 819.500000 48326.000000 6943.000000
121 620 -1 -1 110.500000 40239.000000 2766.000000
122 621 -1 -1 952.000000 47147.000000 7895.000000
123 369 -1 -1 3207.500000 55306.000000 2022.000000
124 622 -1 -1 383.170000 48404.000000 12720.000000
125 341 -1 -1 1276.000000 50119.000000 19491.000000
126 623 -1 -1 327.870000 54375.000000 18333.000000
127 353 -1 -1 1455.300000 45204.000000 10920.000000
128 624 -1 -1 305.500000 40398.000000 5928.000000
129 911 -1 -1 123.075000 33860.000000 15681.000000
130 626 -1 -1 305.500000 38956.000000 5317.000000
131 627 -1 -1 110.500000 37189.000000 2545.000000
132 628 -1 -1 155.430000 32671.000000 19949.000000
133 629 -1 -1 149.500000 29353.000000 27060.000000
134 912 -1 -1 1214.000000 35934.000000 16772.000000
135 630 -1 -1 148.740000 43881.000000 18696.000000
136 631 -1 -1 2001.690000 45064.000000 14377.000000
137 632 -1 -1 931.590000 50672.000000 11386.000000
138 633 -1 -1 303.000000 50776.000000 14087.000000
139 634 -1 -1 1257.000000 51807.000000 20748.000000
140 635 -1 -1 185.510000 58638.000000 22006.000000
141 636 -1 -1 262.350000 57214.000000 31995.000000
142 318 -1 -1 925.800000 50301.000000 26968.000000
143 637 -1 -1 245.560000 45796.000000 29121.000000
144 638 -1 -1 98.060000 45722.000000 27356.000000
145 294 -1 -1 430.400000 41803.000000 23038.000000
146 639 -1 -1 1338.220000 51310.000000 30400.000000
147 640 -1 -1 120.640000 41584.000000 32871.000000
148 641 -1 -1 441.970000 36710.000000 24947.000000
149 642 -1 -1 1735.000000 42195.000000 28551.000000
150 463 -1 -1 2612.600000 31723.000000 28486.000000
151 643 -1 -1 94.000000 26428.000000 37495.000000
152 644 -1 -1 100.960000 28855.000000 29094.000000
153 645 -1 -1 613.000000 37958.000000 26686.000000
154 913 -1 -1 118.500000 29348.000000 34701.000000
155 441 -1 -1 3420.100000 24235.000000 28299.000000
156 647 -1 -1 1579.150000 14042.000000 20903.000000
157 367 -1 -1 2595.400000 4949.000000 14280.000000
158 648 -1 -1 1597.400000 10014.000000 13282.000000
159 649 -1 -1 2758.000000 10822.000000 7270.000000
160 374 -1 -1 2416.200000 8116.000000 4512.000000
161 650 -1 -1 556.870000 16521.000000 9716.000000
162 651 -1 -1 491.000000 9762.000000 1644.000000
163 365 -1 -1 2798.800000 17430.000000 246.000000
164 302 -1 -1 995.000000 8704.000000 2135.000000
165 340 -1 -1 1639.100000 15850.000000 7520.000000
166 652 -1 -1 768.590000 20459.000000 7827.000000
167 653 -1 -1 638.410000 21189.000000 9234.000000
168 317 -1 -1 714.300000 31010.000000 19246.000000
169 654 -1 -1 711.660000 31496.000000 17820.000000
170 282 -1 -1 320.000000 36752.000000 24185.000000
171 328 -1 -1 942.400000 36212.000000 26073.000000
172 391 -1 -1 1660.300000 28387.000000 31700.000000
173 914 -1 -1 1061.500000 36373.000000 33758.000000
174 269 -1 -1 152.700000 26261.000000 37589.000000
175 656 -1 -1 153.000000 16567.000000 36272.000000
176 657 -1 -1 59.000000 11387.000000 29065.000000
177 915 -1 -1 1734.500000 13824.000000 33085.000000
178 313 -1 -1 820.400000 6754.000000 36426.000000
179 659 -1 -1 1135.880000 3423.000000 29754.000000
180 660 -1 -1 1587.590000 7903.000000 38834.000000
181 661 -1 -1 296.790000 16896.000000 36876.000000
182 662 -1 -1 459.570000 21005.000000 37592.000000
183 663 -1 -1 1697.700000 24471.000000 35793.000000
184 664 -1 -1 116.980000 27540.000000 34381.000000
185 665 -1 -1 7.000000 32348.000000 33774.000000
186 666 -1 -1 458.060000 25418.000000 38486.000000
187 667 -1 -1 363.360000 35578.000000 35136.000000
188 668 -1 -1 380.770000 30065.000000 35215.000000
189 669 -1 -1 492.990000 28128.000000 38717.000000
190 916 -1 -1 2030.550000 17841.000000 29124.000000
191 277 -1 -1 317.400000 16069.000000 36425.000000
192 670 -1 -1 2396.050000 14200.000000 37335.000000
193 671 -1 -1 725.250000 7363.000000 31212.000000
194 672 -1 -1 671.720000 11251.000000 38654.000000
195 673 -1 -1 1894.980000 12923.000000 40405.000000
196 674 -1 -1 2522.590000 3699.000000 45725.000000
197 675 -1 -1 230.250000 14669.000000 50705.000000
198 676 -1 -1 219.200000 4754.000000 60670.000000
199 368 -1 -1 2944.500000 339.000000 57747.000000
200 677 -1 -1 2258.000000 3921.000000 55489.000000
201 678 -1 -1 1067.800000 6084.000000 61957.000000
202 679 -1 -1 226.360000 16788.000000 55517.000000
203 680 -1 -1 842.000000 23996.000000 53280.000000
204 681 -1 -1 339.000000 19824.000000 62291.000000
205 682 -1 -1 285.000000 13359.000000 61049.000000
206 683 -1 -1 285.000000 14495.000000 61619.000000
207 684 -1 -1 434.640000 17444.000000 56178.000000
208 685 -1 -1 738.450000 8355.000000 51892.000000
209 686 -1 -1 13.000000 20951.000000 47946.000000
210 687 -1 -1 13.000000 22946.000000 47920.000000
211 688 -1 -1 66.670000 17388.000000 53977.000000
212 689 -1 -1 1069.180000 22079.000000 55824.000000
213 690 -1 -1 353.000000 27429.000000 54379.000000
214 691 -1 -1 739.230000 37813.000000 59260.000000
215 692 -1 -1 918.000000 29175.000000 68176.000000
216 693 -1 -1 488.850000 34766.000000 63569.000000
217 694 -1 -1 353.000000 28406.000000 55085.000000
218 355 -1 -1 1445.600000 25576.000000 48498.000000
219 695 -1 -1 632.850000 25742.000000 41862.000000
220 696 -1 -1 317.170000 15933.000000 47718.000000
221 697 -1 -1 508.940000 25390.000000 37519.000000
222 698 -1 -1 682.920000 29081.000000 42508.000000
223 699 -1 -1 1235.900000 31606.000000 42348.000000
224 700 -1 -1 279.290000 41227.000000 42072.000000
225 701 -1 -1 737.140000 35457.000000 43657.000000
226 702 -1 -1 896.150000 24980.000000 40333.000000
227 416 -1 -1 2419.500000 21755.000000 41148.000000
228 703 -1 -1 686.680000 31411.000000 49630.000000
229 704 -1 -1 3257.520000 39162.000000 47779.000000
230 306 -1 -1 558.500000 30559.000000 46618.000000
231 268 -1 -1 108.500000 37077.000000 44413.000000
232 917 -1 -1 580.500000 33273.000000 35400.000000
233 342 -1 -1 1702.100000 31494.000000 39410.000000
234 706 -1 -1 188.710000 40795.000000 42540.000000
235 707 -1 -1 82.320000 34557.000000 50399.000000
236 708 -1 -1 75.320000 32197.000000 58280.000000
237 322 -1 -1 1087.500000 22767.000000 52438.000000
238 709 -1 -1 866.000000 29768.000000 45752.000000
239 311 -1 -1 817.600000 36110.000000 36317.000000
240 710 -1 -1 97.440000 45656.000000 28778.000000
241 711 -1 -1 1067.650000 53762.000000 38253.000000
242 712 -1 -1 1797.380000 60727.000000 33427.000000
243 713 -1 -1 94.000000 60409.000000 37320.000000
244 714 -1 -1 1799.440000 63783.000000 40013.000000
245 334 -1 -1 1462.600000 59184.000000 46967.000000
246 715 -1 -1 111.840000 61092.000000 41063.000000
247 918 -1 -1 270.450000 53900.000000 36229.000000
248 292 -1 -1 515.700000 49464.000000 27895.000000
249 716 -1 -1 1684.920000 45496.000000 36400.000000
250 717 -1 -1 1094.580000 50645.000000 43950.000000
251 718 -1 -1 10.000000 53248.000000 49106.000000
252 719 -1 -1 3264.670000 61601.000000 50727.000000
253 720 -1 -1 725.000000 55679.000000 42163.000000
254 721 -1 -1 1019.000000 51010.000000 48097.000000
255 290 -1 -1 505.200000 60715.000000 40446.000000
256 722 -1 -1 2627.880000 60522.000000 45200.000000
257 723 -1 -1 3371.340000 69101.000000 53532.000000
258 724 -1 -1 3229.660000 65564.000000 46931.000000
259 725 -1 -1 107.000000 61758.000000 46860.000000
260 332 -1 -1 1360.400000 57556.000000 41438.000000
261 299 -1 -1 848.600000 54718.000000 49116.000000
262 726 -1 -1 2769.130000 51462.000000 54647.000000
263 727 -1 -1 1411.580000 53460.000000 44267.000000
264 280 -1 -1 327.900000 54104.000000 39717.000000
265 319 -1 -1 1259.700000 45589.000000 34372.000000
266 354 -1 -1 1879.100000 45369.000000 39964.000000
267 728 -1 -1 89.520000 37039.000000 44611.000000
268 401 231 728 1621.900000 37077.000000 44521.480000
269 729 643 174 635.010000 26413.690000 37589.000000
270 730 7 708 1461.530000 32275.000000 58204.680000
271 731 559 628 359.110000 32793.430000 20104.430000
272 732 87 665 950.930000 32165.560000 33781.000000
273 733 637 710 348.840000 45726.000000 28875.440000
274 734 34 638 92.400000 45937.000000 27454.060000
275 735 596 644 844.720000 28754.040000 29194.960000
276 736 558 597 328.960000 33257.160000 20792.500000
277 737 656 191 154.210000 16386.360000 36425.000000
278 390 546 918 906.800000 53629.130000 36229.000000
279 388 78 675 362.600000 14453.000000 50474.750000
280 738 547 264 68.440000 54104.000000 39389.090000
281 739 551 598 3088.610000 37432.870000 21557.000000
282 740 641 170 1004.890000 36752.000000 24505.030000
283 741 601 635 598.620000 58953.210000 21820.490000
284 742 574 688 780.130000 17026.310000 53910.330000
285 743 700 706 1345.040000 40983.710000 42351.290000
286 744 55 573 1241.550000 10921.910000 49912.000000
287 745 106 633 296.940000 50697.620000 14390.000000
288 746 572 591 3530.220000 18234.740000 40601.200000
289 747 577 578 13.000000 23872.610000 61913.000000
290 436 715 255 1621.000000 60715.000000 40951.160000
291 748 666 697 537.240000 25404.000000 38027.940000
292 749 550 248 651.090000 49464.000000 28410.690000
293 750 50 595 1223.290000 18734.000000 35909.140000
294 751 555 145 2397.940000 41803.000000 23468.400000
295 919 646 668 14.730000 29888.670000 34834.230000
296 753 569 629 1089.500000 28681.900000 27209.500000
297 754 679 684 1052.900000 17268.490000 55743.360000
298 755 534 698 712.980000 29201.500000 41825.080000
299 920 948 261 239.890000 53869.440000 49116.000000
300 756 538 540 2210.790000 33298.000000 61877.000000
301 757 58 681 26.000000 19405.460000 61952.000000
302 475 651 164 9135.100000 9698.970000 2135.000000
303 758 602 604 67.560000 61539.370000 25898.570000
304 759 632 600 19.240000 50633.240000 12317.590000
305 376 71 587 2040.800000 18599.920000 64065.000000
306 434 230 709 3616.400000 30000.520000 46618.000000
307 760 592 671 1047.370000 7451.500000 31937.250000
308 921 690 694 897.075000 28000.660000 54732.000000
309 762 62 579 201.410000 14803.000000 67610.310000
310 763 682 683 628.950000 13852.640000 61334.000000
311 407 667 239 599.600000 36110.000000 35499.360000
312 764 554 35 1673.300000 37881.000000 30159.300000
313 412 593 178 832.000000 6754.000000 37246.410000
314 375 536 11 1100.800000 35786.130000 61100.000000
315 417 51 571 2026.700000 18801.000000 46008.500000
316 765 575 576 100.710000 18999.710000 67308.190000
317 395 168 654 1172.500000 31010.000000 18531.660000
318 446 557 142 1884.200000 49375.220000 26968.000000
319 766 556 265 120.650000 45589.000000 33112.290000
320 767 686 687 102.170000 22065.710000 47933.000000
321 768 624 626 1797.830000 39460.990000 5622.500000
322 769 680 237 948.340000 23854.530000 52438.000000
323 444 120 621 8376.900000 47506.470000 6943.000000
324 770 652 653 2623.560000 20824.000000 8595.590000
325 384 599 29 815.800000 43779.620000 26816.000000
326 771 695 702 81.150000 25061.150000 41229.150000
327 772 8 692 2423.580000 29232.780000 67258.000000
328 406 645 171 563.100000 37154.420000 26073.000000
329 773 570 590 1256.370000 18689.460000 49291.540000
330 774 583 689 131.180000 21947.410000 56893.180000
331 775 585 586 325.420000 27387.690000 64509.000000
332 454 720 260 2220.500000 56195.580000 41438.000000
333 776 676 678 3142.200000 5679.150000 60889.200000
334 777 245 725 495.330000 60646.610000 46967.000000
335 778 607 636 48.640000 56097.390000 32257.350000
336 379 18 717 989.000000 50974.000000 42855.420000
337 403 81 672 527.700000 11910.000000 37982.280000
338 779 537 693 1237.850000 35543.360000 64057.850000
339 780 606 611 38.750000 64114.750000 26004.880000
340 415 650 165 816.600000 15850.000000 9159.130000
341 419 125 634 830.100000 51395.050000 19491.000000
342 414 233 699 1164.800000 31494.000000 41112.100000
343 410 92 630 388.200000 42683.000000 18547.260000
344 781 625 912 587.140000 34591.140000 16772.000000
345 782 589 594 3223.500000 12304.000000 44100.410000
346 447 115 616 4144.600000 57018.580000 14834.000000
347 783 620 627 1169.170000 38769.460000 2655.500000
348 922 21 713 2406.500000 58501.220000 37226.000000
349 785 14 544 32.810000 48402.000000 49462.400000
350 455 46 553 1997.300000 33533.940000 23412.000000
351 786 561 568 135.200000 20177.800000 21196.400000
352 787 909 605 2657.750000 67490.000000 33782.350000
353 443 127 631 2828.500000 45204.000000 12375.310000
354 923 266 716 3265.420000 45369.000000 38084.920000
355 420 535 218 1546.000000 25576.000000 49943.640000
356 428 612 102 2060.600000 67234.960000 29064.000000
357 788 707 703 82.320000 32318.410000 50316.680000
358 789 712 603 579.090000 60735.500000 31629.620000
359 790 615 617 407.490000 61877.500000 14161.510000
360 924 658 670 119.450000 14144.150000 34938.950000
361 792 562 647 48.850000 13469.480000 19323.850000
362 793 560 44 48.850000 24014.270000 11268.000000
363 478 76 674 7539.100000 4147.000000 48247.590000
364 451 614 113 5642.400000 61048.830000 8697.000000
365 794 163 565 1329.730000 17430.000000 3044.810000
366 925 543 726 3581.205000 51374.810000 57416.130000
367 385 563 157 1608.900000 4949.000000 11684.600000
368 430 199 677 2176.500000 3283.460000 57747.000000
369 435 123 946 2217.500000 55306.000000 5229.480000
370 433 916 657 2285.100000 14088.290000 29124.000000
371 796 541 542 642.040000 43045.000000 65521.380000
372 797 723 724 2005.300000 67332.500000 50160.660000
373 798 539 779 446.300000 35766.510000 65295.700000
374 799 649 160 137.460000 10532.210000 4512.000000
375 800 691 314 59.890000 35786.130000 59999.230000
376 464 584 305 2037.600000 20640.760000 64065.000000
377 801 659 760 1510.940000 6282.280000 30889.880000
378 802 588 763 2958.050000 13223.680000 60705.050000
379 803 727 336 1417.420000 51963.050000 42855.420000
380 804 719 777 693.030000 61123.810000 47462.330000
381 805 664 752 116.970000 29755.440000 34497.980000
382 806 24 733 653.630000 46469.000000 29224.280000
383 807 721 920 313.590000 52794.790000 49116.000000
384 808 642 325 949.660000 42963.840000 26816.000000
385 809 648 367 414.460000 6557.920000 11684.600000
386 810 663 748 366.660000 25051.350000 37490.700000
387 811 608 741 217.270000 58801.420000 22419.110000
388 466 581 279 2383.500000 14453.000000 50837.330000
389 457 31 734 1209.000000 47123.000000 27361.660000
390 465 549 278 404.100000 52722.290000 36229.000000
391 812 172 735 1740.680000 28387.000000 30039.680000
392 813 582 580 1808.800000 17359.660000 57568.950000
393 814 548 714 4358.560000 63974.930000 38213.560000
394 815 622 759 38.480000 50199.080000 12336.830000
395 467 566 317 1385.000000 31010.000000 17359.140000
396 816 88 944 507.020000 34505.000000 28993.020000
397 817 639 749 209.540000 49673.540000 29061.780000
398 818 705 732 116.980000 32282.540000 34731.930000
399 819 662 750 112.660000 18846.660000 37132.430000
400 820 711 738 2117.350000 53906.680000 39320.650000
401 440 704 268 127.300000 38698.900000 44521.480000
402 821 661 737 440.560000 16540.580000 36579.210000
403 438 673 337 2366.900000 11910.000000 38510.020000
404 822 731 736 951.140000 33066.260000 20463.540000
405 926 609 745 1117.135000 50994.560000 14686.940000
406 824 740 328 864.310000 37154.420000 25509.920000
407 927 655 311 1390.000000 36110.000000 34899.710000
408 825 742 754 1069.690000 17092.980000 54690.460000
409 483 66 774 3996.600000 22078.590000 56762.000000
410 826 610 343 4887.180000 42683.000000 18935.440000
411 827 758 780 5158.470000 62880.300000 25966.130000
412 928 660 313 2426.910000 7585.990000 37246.410000
413 828 669 729 366.650000 26780.340000 38224.010000
414 485 755 342 2811.800000 30329.210000 41112.100000
415 829 945 340 1194.530000 15850.000000 9975.770000
416 830 227 771 35.900000 24174.490000 41148.000000
417 462 315 773 0.010000 18801.000000 48035.170000
418 831 768 783 3118.330000 38894.280000 3824.670000
419 468 947 341 1633.200000 51395.050000 18660.870000
420 452 769 355 1141.100000 25576.000000 51489.660000
421 832 640 766 1691.330000 44541.850000 32991.640000
422 833 111 790 265.000000 62543.330000 14569.000000
423 834 949 765 5381.460000 17325.780000 67408.900000
424 835 747 757 101.440000 22027.050000 61926.000000
425 836 685 744 316.220000 10605.690000 51153.550000
426 837 772 775 14.980000 29217.810000 64834.420000
427 838 730 756 273.130000 33142.870000 59666.210000
428 473 787 356 4277.200000 67234.960000 31124.600000
429 839 789 778 858.750000 58793.090000 32208.710000
430 474 776 368 3508.600000 5459.940000 57747.000000
431 840 567 786 1958.900000 21696.340000 21331.600000
432 841 793 770 48.850000 21927.140000 11219.150000
433 842 370 791 991.770000 14088.290000 31409.050000
434 492 788 306 2793.400000 30000.520000 50234.360000
435 843 369 618 1250.050000 55306.000000 7446.950000
436 479 290 722 3244.900000 60715.000000 42572.120000
437 844 797 804 1290.310000 65475.460000 48155.360000
438 845 782 403 4943.920000 11910.000000 40876.910000
439 846 951 799 6895.600000 14282.320000 4374.540000
440 491 701 401 697.800000 38698.900000 44394.140000
441 487 155 753 697.600000 27655.060000 28299.000000
442 929 950 840 3568.625000 19834.480000 19372.700000
443 848 353 815 924.110000 48032.490000 12375.310000
444 849 831 323 7361.660000 39129.590000 6943.000000
445 850 751 808 2043.720000 42893.630000 25866.340000
446 488 318 817 1564.000000 49375.220000 28852.240000
447 930 346 833 970.075000 61163.180000 14834.000000
448 851 107 613 520.840000 59544.980000 21681.000000
449 852 785 807 1610.650000 51440.430000 49429.590000
450 504 923 832 5071.500000 45369.000000 34682.970000
451 853 364 843 2029.340000 55406.460000 8697.000000
452 854 761 420 1255.300000 26717.090000 51489.660000
453 855 739 824 2230.230000 37294.150000 24645.610000
454 931 332 820 345.570000 53975.120000 41438.000000
455 493 350 822 2819.500000 33533.940000 21414.680000
456 856 810 828 1875.170000 25629.350000 37857.360000
457 857 806 389 281.590000 47123.000000 28570.650000
458 932 805 818 204.550000 30940.990000 34614.950000
459 859 819 821 51.210000 18045.260000 37019.770000
460 860 954 838 4661.410000 33828.780000 59939.340000
461 861 813 825 1001.850000 17226.320000 55760.150000
462 489 696 417 617.900000 18801.000000 48035.170000
463 933 150 816 384.450000 34335.550000 28486.000000
464 476 376 835 2915.500000 20640.760000 62027.440000
465 507 390 545 4328.100000 52722.290000 36633.110000
466 862 836 388 2589.740000 12069.470000 50837.330000
467 863 781 395 1236.030000 32394.960000 17359.140000
468 934 419 823 1223.615000 51395.050000 17027.690000
469 864 784 839 1942.860000 58695.800000 33067.460000
470 865 837 953 29.940000 31908.960000 64849.400000
471 866 829 841 3795.900000 19639.090000 11170.300000
472 495 801 928 2918.400000 7585.990000 32400.820000
473 494 428 827 1591.800000 62957.800000 31124.600000
474 935 430 802 6841.890000 8968.560000 57747.000000
475 499 809 302 4445.900000 9698.970000 11270.140000
476 508 834 464 1810.600000 17725.250000 62027.440000
477 867 952 865 278.590000 33948.560000 64879.340000
478 503 363 862 2426.800000 11686.050000 48247.590000
479 868 814 436 4292.930000 63959.860000 42572.120000
480 869 826 850 5132.640000 42823.420000 23822.620000
481 870 764 933 1610.160000 36123.630000 28486.000000
482 871 927 858 4832.820000 32134.920000 34899.710000
483 872 409 861 3454.830000 18081.960000 56762.000000
484 873 746 859 1604.540000 18096.470000 37070.980000
485 502 414 830 1379.600000 27517.410000 41112.100000
486 874 811 851 3758.670000 59018.690000 22201.840000
487 936 812 441 6367.320000 28352.680000 28299.000000
488 875 446 857 759.280000 47811.180000 28852.240000
489 515 767 462 6789.200000 19418.940000 48035.170000
490 876 803 931 476.790000 53320.920000 41438.000000
491 877 743 440 3278.610000 38698.900000 43696.330000
492 878 434 854 2199.190000 27207.150000 50234.360000
493 937 455 863 2791.095000 33533.940000 18595.170000
494 880 864 473 4640.520000 61365.980000 31124.600000
495 938 842 472 2418.680000 10504.440000 32400.820000
496 882 848 934 2573.080000 51395.050000 13299.420000
497 883 795 852 5211.280000 51407.620000 51040.240000
498 884 847 866 3696.060000 19736.780000 14966.200000
499 939 846 475 1665.590000 14144.860000 11270.140000
500 885 849 958 3397.050000 36331.760000 14304.660000
501 513 930 874 8040.900000 61163.180000 18443.170000
502 514 856 485 3439.500000 27517.410000 39732.530000
503 886 845 478 6665.130000 11686.050000 45820.830000
504 887 450 875 656.260000 45369.000000 29611.520000
505 888 855 870 1423.160000 36778.750000 26875.840000
506 889 860 867 6853.750000 33888.670000 64600.750000
507 518 465 876 4867.700000 52722.290000 40961.210000
508 890 476 872 2469.830000 17725.250000 60216.830000
509 891 844 868 345.360000 64305.230000 46865.050000
510 892 955 882 181.270000 51576.310000 10726.340000
511 893 881 956 3689.260000 10799.840000 35466.440000
512 521 935 890 7630.100000 17264.860000 57747.000000
513 894 880 501 1814.920000 61163.180000 26484.080000
514 524 871 502 685.200000 30956.960000 39732.530000
515 895 878 489 5401.870000 26208.130000 48035.170000
516 896 869 887 656.260000 44012.360000 28955.260000
517 523 936 888 6213.800000 35200.970000 28299.000000
518 897 883 507 690.730000 52722.290000 45828.960000
519 526 884 939 14686.300000 19221.880000 11270.140000
520 898 892 885 362.530000 41306.550000 10907.610000
521 940 889 512 3912.075000 24894.980000 57747.000000
522 899 886 893 8351.120000 11095.250000 39155.700000
523 527 896 517 8137.400000 41414.820000 28299.000000
524 900 957 514 2215.580000 30956.960000 40417.720000
525 941 891 960 11700.190000 56329.400000 46519.690000
526 942 519 961 4533.935000 33908.150000 11270.140000
527 530 959 523 5276.300000 49552.180000 28299.000000
528 903 895 900 7354.330000 28741.370000 42633.300000
529 532 940 903 2480.800000 24894.980000 49987.630000
530 531 963 527 13693.900000 49552.180000 33575.340000
531 943 964 530 1244.160000 35858.280000 33575.340000
532 905 962 529 10783.493557 24894.980000 47506.820000
533 -1 965 905 0.000000 32855.093126 36723.326443
534 298 1 -1 120.500000 29322.000000 41825.080000
535 355 2 -1 632.000000 26208.000000 49943.640000
536 314 3 -1 221.130000 35565.000000 61100.000000
537 338 4 -1 1308.640000 36852.000000 64057.850000
538 300 5 -1 118.000000 33416.000000 61877.000000
539 373 6 -1 1148.490000 36915.000000 65295.700000
540 300 9 -1 118.000000 33180.000000 61877.000000
541 371 10 -1 18.000000 43063.000000 65521.380000
542 371 12 -1 18.000000 43027.000000 65521.380000
543 366 13 -1 32.810000 51342.000000 57416.130000
544 349 15 -1 1233.000000 47169.000000 49462.400000
545 465 16 -1 402.290000 52320.000000 36633.110000
546 278 17 -1 300.130000 53329.000000 36229.000000
547 280 19 -1 154.000000 54258.000000 39389.090000
548 393 20 -1 15.070000 63990.000000 38213.560000
549 390 906 -1 15.290000 52707.000000 36229.000000
550 292 23 -1 183.000000 49281.000000 28410.690000
551 281 25 -1 475.130000 37908.000000 21557.000000
552 944 26 -1 209.000000 34929.000000 28993.020000
553 350 27 -1 651.060000 34185.000000 23412.000000
554 312 28 -1 78.000000 37959.000000 30159.300000
555 294 30 -1 600.000000 41203.000000 23468.400000
556 319 32 -1 280.000000 45869.000000 33112.290000
557 318 33 -1 374.220000 49001.000000 26968.000000
558 276 36 -1 158.160000 33099.000000 20792.500000
559 271 37 -1 64.570000 32858.000000 20104.430000
560 362 38 -1 732.270000 23282.000000 11268.000000
561 351 39 -1 135.200000 20313.000000 21196.400000
562 361 40 -1 2490.480000 10979.000000 19323.850000
563 367 41 -1 2258.000000 2691.000000 11684.600000
564 945 42 -1 835.450000 14975.000000 9975.770000
565 365 43 -1 1160.000000 18590.000000 3044.810000
566 395 907 -1 460.000000 30550.000000 17359.140000
567 431 47 -1 3822.660000 25519.000000 21331.600000
568 351 48 -1 867.800000 19310.000000 21196.400000
569 296 49 -1 333.900000 28348.000000 27209.500000
570 329 52 -1 863.540000 19553.000000 49291.540000
571 315 53 -1 764.000000 18037.000000 46008.500000
572 288 54 -1 138.260000 18373.000000 40601.200000
573 286 56 -1 150.910000 10771.000000 49912.000000
574 284 908 -1 180.310000 16846.000000 53910.330000
575 316 59 -1 377.290000 19377.000000 67308.190000
576 316 60 -1 100.710000 18899.000000 67308.190000
577 289 61 -1 150.610000 23722.000000 61913.000000
578 289 63 -1 473.390000 24346.000000 61913.000000
579 309 64 -1 617.000000 14186.000000 67610.310000
580 392 65 -1 765.660000 16594.000000 57568.950000
581 388 67 -1 234.000000 14687.000000 50837.330000
582 392 68 -1 133.340000 17493.000000 57568.950000
583 330 69 -1 633.410000 21314.000000 56893.180000
584 376 70 -1 1654.240000 22295.000000 64065.000000
585 331 72 -1 793.310000 28181.000000 64509.000000
586 331 73 -1 1286.690000 26101.000000 64509.000000
587 305 74 -1 515.080000 19115.000000 64065.000000
588 378 75 -1 949.680000 12274.000000 60705.050000
589 345 77 -1 1042.000000 11262.000000 44100.410000
590 329 79 -1 789.460000 17900.000000 49291.540000
591 288 80 -1 265.740000 17969.000000 40601.200000
592 307 82 -1 88.500000 7540.000000 31937.250000
593 313 83 -1 867.000000 5887.000000 37246.410000
594 345 84 -1 394.000000 12698.000000 44100.410000
595 293 85 -1 138.000000 18596.000000 35909.140000
596 275 86 -1 177.040000 28577.000000 29194.960000
597 276 89 -1 181.840000 33439.000000 20792.500000
598 281 90 -1 313.870000 37119.000000 21557.000000
599 325 91 -1 823.620000 42956.000000 26816.000000
600 304 93 -1 19.240000 50614.000000 12317.590000
601 283 94 -1 151.790000 59105.000000 21820.490000
602 303 95 -1 687.370000 60852.000000 25898.570000
603 358 96 -1 8.500000 60744.000000 31629.620000
604 303 97 -1 709.630000 62249.000000 25898.570000
605 352 99 -1 1558.000000 69048.000000 33782.350000
606 339 100 -1 38.750000 64076.000000 26004.880000
607 335 101 -1 1260.390000 54837.000000 32257.350000
608 387 103 -1 660.420000 58141.000000 22419.110000
609 405 104 -1 414.440000 51409.000000 14686.940000
610 410 105 -1 1370.000000 41313.000000 18935.440000
611 339 108 -1 1470.250000 65585.000000 26004.880000
612 356 109 -1 1658.040000 68893.000000 29064.000000
613 448 110 -1 5.980000 59539.000000 21681.000000
614 364 112 -1 2134.830000 58914.000000 8697.000000
615 359 114 -1 195.500000 61682.000000 14161.510000
616 346 116 -1 809.420000 57828.000000 14834.000000
617 359 910 -1 195.500000 62073.000000 14161.510000
618 435 118 -1 1608.000000 53698.000000 7446.950000
619 946 119 -1 252.550000 53377.000000 5229.480000
620 347 121 -1 1469.540000 40239.000000 2655.500000
621 323 122 -1 359.470000 47147.000000 6943.000000
622 394 124 -1 1795.080000 48404.000000 12336.830000
623 947 126 -1 745.450000 54375.000000 18660.870000
624 321 128 -1 937.010000 40398.000000 5622.500000
625 344 911 -1 731.140000 33860.000000 16772.000000
626 321 130 -1 504.990000 38956.000000 5622.500000
627 347 131 -1 1580.460000 37189.000000 2655.500000
628 271 132 -1 122.430000 32671.000000 20104.430000
629 296 133 -1 671.100000 29353.000000 27209.500000
630 343 135 -1 1198.000000 43881.000000 18547.260000
631 353 136 -1 140.000000 45064.000000 12375.310000
632 304 137 -1 38.760000 50672.000000 12317.590000
633 287 138 -1 78.380000 50776.000000 14390.000000
634 341 139 -1 411.950000 51807.000000 19491.000000
635 283 140 -1 315.210000 58638.000000 21820.490000
636 335 141 -1 1116.610000 57214.000000 32257.350000
637 273 143 -1 70.000000 45796.000000 28875.440000
638 274 144 -1 215.000000 45722.000000 27454.060000
639 397 146 -1 1636.460000 51310.000000 29061.780000
640 421 147 -1 2957.850000 41584.000000 32991.640000
641 282 148 -1 42.000000 36710.000000 24505.030000
642 384 149 -1 768.840000 42195.000000 26816.000000
643 269 151 -1 14.310000 26428.000000 37589.000000
644 275 152 -1 100.960000 28855.000000 29194.960000
645 328 153 -1 803.580000 37958.000000 26073.000000
646 295 913 -1 540.670000 29348.000000 34834.230000
647 361 156 -1 572.520000 14042.000000 19323.850000
648 385 158 -1 3456.080000 10014.000000 11684.600000
649 374 159 -1 289.790000 10822.000000 4512.000000
650 340 161 -1 671.000000 16521.000000 9159.130000
651 302 162 -1 63.030000 9762.000000 2135.000000
652 324 166 -1 365.000000 20459.000000 8595.590000
653 324 167 -1 365.000000 21189.000000 8595.590000
654 317 169 -1 486.000000 31496.000000 18531.660000
655 407 914 -1 263.000000 36373.000000 34899.710000
656 277 175 -1 180.640000 16567.000000 36425.000000
657 370 176 -1 2701.290000 11387.000000 29124.000000
658 360 915 -1 320.150000 13824.000000 34938.950000
659 377 179 -1 2859.280000 3423.000000 30889.880000
660 412 180 -1 317.010000 7903.000000 37246.410000
661 402 181 -1 355.420000 16896.000000 36579.210000
662 399 182 -1 2158.340000 21005.000000 37132.430000
663 386 183 -1 580.350000 24471.000000 37490.700000
664 381 184 -1 2215.440000 27540.000000 34497.980000
665 272 185 -1 182.440000 32348.000000 33781.000000
666 291 186 -1 14.000000 25418.000000 38027.940000
667 311 187 -1 532.000000 35578.000000 35499.360000
668 295 188 -1 176.330000 30065.000000 34834.230000
669 413 189 -1 1347.660000 28128.000000 38224.010000
670 360 192 -1 55.850000 14200.000000 34938.950000
671 307 193 -1 88.500000 7363.000000 31937.250000
672 337 194 -1 659.000000 11251.000000 37982.280000
673 403 195 -1 1013.000000 12923.000000 38510.020000
674 363 196 -1 448.000000 3699.000000 48247.590000
675 279 197 -1 216.000000 14669.000000 50474.750000
676 333 198 -1 925.150000 4754.000000 60889.200000
677 368 200 -1 637.540000 3921.000000 57747.000000
678 333 201 -1 404.850000 6084.000000 60889.200000
679 297 202 -1 480.490000 16788.000000 55743.360000
680 322 203 -1 141.470000 23996.000000 52438.000000
681 301 204 -1 418.540000 19824.000000 61952.000000
682 310 205 -1 493.640000 13359.000000 61334.000000
683 310 206 -1 642.360000 14495.000000 61334.000000
684 297 207 -1 175.510000 17444.000000 55743.360000
685 425 208 -1 2250.690000 8355.000000 51153.550000
686 320 209 -1 1114.710000 20951.000000 47933.000000
687 320 210 -1 880.290000 22946.000000 47933.000000
688 284 211 -1 361.690000 17388.000000 53910.330000
689 330 212 -1 131.590000 22079.000000 56893.180000
690 308 213 -1 571.660000 27429.000000 54732.000000
691 375 214 -1 2026.870000 37813.000000 59999.230000
692 327 215 -1 57.780000 29175.000000 67258.000000
693 338 216 -1 777.360000 34766.000000 64057.850000
694 308 217 -1 405.340000 28406.000000 54732.000000
695 326 219 -1 680.850000 25742.000000 41229.150000
696 462 220 -1 2868.000000 15933.000000 48035.170000
697 291 221 -1 14.000000 25390.000000 38027.940000
698 298 222 -1 120.500000 29081.000000 41825.080000
699 342 223 -1 112.000000 31606.000000 41112.100000
700 285 224 -1 243.290000 41227.000000 42351.290000
701 440 225 -1 3241.900000 35457.000000 44394.140000
702 326 226 -1 81.150000 24980.000000 41229.150000
703 357 228 -1 907.410000 31411.000000 50316.680000
704 401 229 -1 463.100000 39162.000000 44521.480000
705 398 917 -1 990.460000 33273.000000 34731.930000
706 285 234 -1 188.710000 40795.000000 42351.290000
707 357 235 -1 2238.590000 34557.000000 50316.680000
708 270 236 -1 78.000000 32197.000000 58204.680000
709 306 238 -1 232.520000 29768.000000 46618.000000
710 273 240 -1 70.000000 45656.000000 28875.440000
711 400 241 -1 144.680000 53762.000000 39320.650000
712 358 242 -1 8.500000 60727.000000 31629.620000
713 348 243 -1 1907.780000 60409.000000 37226.000000
714 393 244 -1 191.930000 63783.000000 38213.560000
715 290 246 -1 377.000000 61092.000000 40951.160000
716 354 249 -1 127.000000 45496.000000 38084.920000
717 336 250 -1 329.000000 50645.000000 42855.420000
718 948 251 -1 381.550000 53248.000000 49116.000000
719 380 252 -1 477.190000 61601.000000 47462.330000
720 332 253 -1 516.580000 55679.000000 41438.000000
721 383 254 -1 1784.790000 51010.000000 49116.000000
722 436 256 -1 193.000000 60522.000000 42572.120000
723 372 257 -1 1768.500000 69101.000000 50160.660000
724 372 258 -1 1768.500000 65564.000000 50160.660000
725 334 259 -1 1111.390000 61758.000000 46967.000000
726 366 262 -1 87.190000 51462.000000 57416.130000
727 379 263 -1 1496.950000 53460.000000 42855.420000
728 268 267 -1 38.000000 37039.000000 44521.480000
729 413 269 -1 366.650000 26413.690000 38224.010000
730 427 270 -1 867.870000 32275.000000 59666.210000
731 404 271 -1 272.830000 32793.430000 20463.540000
732 398 272 -1 116.980000 32165.560000 34731.930000
733 382 273 -1 743.000000 45726.000000 29224.280000
734 389 274 -1 1186.000000 45937.000000 27361.660000
735 391 275 -1 367.040000 28754.040000 30039.680000
736 404 276 -1 190.900000 33257.160000 20463.540000
737 402 277 -1 154.220000 16386.360000 36579.210000
738 400 280 -1 197.320000 54104.000000 39320.650000
739 453 281 -1 138.720000 37432.870000 24645.610000
740 406 282 -1 402.420000 36752.000000 25509.920000
741 387 283 -1 151.790000 58953.210000 22419.110000
742 408 284 -1 66.670000 17026.310000 54690.460000
743 491 285 -1 2284.810000 40983.710000 43696.330000
744 425 286 -1 316.220000 10921.910000 51153.550000
745 405 287 -1 296.940000 50697.620000 14686.940000
746 484 288 -1 138.270000 18234.740000 37070.980000
747 424 289 -1 1845.560000 23872.610000 61926.000000
748 386 291 -1 352.650000 25404.000000 37490.700000
749 397 292 -1 209.540000 49464.000000 29061.780000
750 399 293 -1 112.660000 18734.000000 37132.430000
751 445 294 -1 1090.630000 41803.000000 25866.340000
752 381 919 -1 133.230000 29888.670000 34497.980000
753 441 296 -1 1026.840000 28681.900000 28299.000000
754 408 297 -1 175.510000 17268.490000 54690.460000
755 414 298 -1 1127.710000 29201.500000 41112.100000
756 427 300 -1 155.130000 33298.000000 59666.210000
757 424 301 -1 2621.590000 19405.460000 61926.000000
758 411 303 -1 1340.930000 61539.370000 25966.130000
759 394 304 -1 434.160000 50633.240000 12336.830000
760 377 307 -1 1169.220000 7451.500000 30889.880000
761 452 921 -1 1283.570000 28000.660000 51489.660000
762 949 309 -1 1007.450000 14803.000000 67408.900000
763 378 310 -1 628.960000 13852.640000 60705.050000
764 481 312 -1 1757.370000 37881.000000 28486.000000
765 423 316 -1 1673.930000 18999.710000 67408.900000
766 421 319 -1 1047.150000 45589.000000 32991.640000
767 489 320 -1 2646.770000 22065.710000 48035.170000
768 418 321 -1 566.710000 39460.990000 3824.670000
769 420 322 -1 1721.470000 23854.530000 51489.660000
770 432 324 -1 1103.140000 20824.000000 11219.150000
771 416 326 -1 886.660000 25061.150000 41148.000000
772 426 327 -1 14.970000 29232.780000 64834.420000
773 417 329 -1 111.540000 18689.460000 48035.170000
774 409 330 -1 131.180000 21947.410000 56762.000000
775 426 331 -1 1830.120000 27387.690000 64834.420000
776 430 333 -1 219.210000 5679.150000 57747.000000
777 380 334 -1 477.200000 60646.610000 47462.330000
778 429 335 -1 2695.700000 56097.390000 32208.710000
779 373 338 -1 223.150000 35543.360000 65295.700000
780 411 339 -1 1234.450000 64114.750000 25966.130000
781 467 344 -1 2196.180000 34591.140000 17359.140000
782 438 345 -1 394.000000 12304.000000 40876.910000
783 418 347 -1 124.820000 38769.460000 3824.670000
784 469 922 -1 194.580000 58501.220000 33067.460000
785 449 349 -1 3038.430000 48402.000000 49429.590000
786 431 351 -1 1518.540000 20177.800000 21331.600000
787 428 352 -1 255.040000 67490.000000 31124.600000
788 434 357 -1 2317.890000 32318.410000 50234.360000
789 429 358 -1 1942.410000 60735.500000 32208.710000
790 422 359 -1 665.830000 61877.500000 14569.000000
791 433 924 -1 55.860000 14144.150000 31409.050000
792 950 361 -1 2340.970000 13469.480000 19372.700000
793 432 362 -1 2087.130000 24014.270000 11219.150000
794 951 365 -1 1619.550000 17430.000000 4374.540000
795 497 925 -1 32.810000 51374.810000 51040.240000
796 952 371 -1 8325.000000 43045.000000 64879.340000
797 437 372 -1 1857.040000 67332.500000 48155.360000
798 953 373 -1 1046.510000 35766.510000 64849.400000
799 439 374 -1 3750.110000 10532.210000 4374.540000
800 954 375 -1 1066.130000 35786.130000 59939.340000
801 472 377 -1 1303.710000 6282.280000 32400.820000
802 474 378 -1 4255.120000 13223.680000 57747.000000
803 490 379 -1 1357.870000 51963.050000 41438.000000
804 437 380 -1 4351.650000 61123.810000 48155.360000
805 458 381 -1 1185.550000 29755.440000 34614.950000
806 457 382 -1 654.000000 46469.000000 28570.650000
807 449 383 -1 1354.360000 52794.790000 49429.590000
808 445 384 -1 70.210000 42963.840000 25866.340000
809 475 385 -1 3141.050000 6557.920000 11270.140000
810 456 386 -1 578.000000 25051.350000 37857.360000
811 486 387 -1 217.270000 58801.420000 22201.840000
812 487 391 -1 34.320000 28387.000000 28299.000000
813 461 392 -1 133.340000 17359.660000 55760.150000
814 479 393 -1 15.070000 63974.930000 42572.120000
815 443 394 -1 2166.590000 50199.080000 12375.310000
816 463 396 -1 169.450000 34505.000000 28486.000000
817 446 397 -1 298.320000 49673.540000 28852.240000
818 458 398 -1 1341.550000 32282.540000 34614.950000
819 459 399 -1 801.400000 18846.660000 37019.770000
820 454 400 -1 68.440000 53906.680000 41438.000000
821 459 402 -1 1504.680000 16540.580000 37019.770000
822 455 404 -1 467.680000 33066.260000 21414.680000
823 468 926 -1 400.490000 50994.560000 17027.690000
824 453 406 -1 139.730000 37154.420000 24645.610000
825 461 408 -1 133.340000 17092.980000 55760.150000
826 480 410 -1 140.420000 42683.000000 23822.620000
827 473 411 -1 77.500000 62880.300000 31124.600000
828 456 413 -1 1150.990000 26780.340000 37857.360000
829 471 415 -1 3789.090000 15850.000000 11170.300000
830 485 416 -1 3342.920000 24174.490000 41112.100000
831 444 418 -1 235.310000 38894.280000 6943.000000
832 450 421 -1 827.150000 44541.850000 34682.970000
833 447 422 -1 1380.150000 62543.330000 14834.000000
834 476 423 -1 399.470000 17325.780000 62027.440000
835 464 424 -1 1386.290000 22027.050000 62027.440000
836 466 425 -1 1463.780000 10605.690000 50837.330000
837 470 426 -1 2691.150000 29217.810000 64849.400000
838 460 427 -1 685.910000 33142.870000 59939.340000
839 469 429 -1 97.290000 58793.090000 33067.460000
840 442 431 -1 1861.860000 21696.340000 19372.700000
841 471 432 -1 2288.050000 21927.140000 11170.300000
842 495 433 -1 3583.850000 14088.290000 32400.820000
843 451 435 -1 100.460000 55306.000000 8697.000000
844 509 437 -1 1170.230000 65475.460000 46865.050000
845 503 438 -1 223.950000 11910.000000 45820.830000
846 499 439 -1 137.460000 14282.320000 11270.140000
847 498 929 -1 97.700000 19834.480000 14966.200000
848 496 443 -1 3362.560000 48032.490000 13299.420000
849 500 444 -1 2797.830000 39129.590000 14304.660000
850 480 445 -1 70.210000 42893.630000 23822.620000
851 486 448 -1 526.290000 59544.980000 22201.840000
852 497 449 -1 32.810000 51440.430000 51040.240000
853 955 451 -1 1776.910000 55406.460000 10726.340000
854 492 452 -1 490.060000 26717.090000 50234.360000
855 505 453 -1 515.400000 37294.150000 26875.840000
856 502 456 -1 1888.060000 25629.350000 39732.530000
857 488 457 -1 688.180000 47123.000000 28852.240000
858 482 932 -1 1193.930000 30940.990000 34899.710000
859 484 459 -1 51.210000 18045.260000 37070.980000
860 506 460 -1 59.890000 33828.780000 64600.750000
861 483 461 -1 855.640000 17226.320000 56762.000000
862 478 466 -1 383.420000 12069.470000 48247.590000
863 493 467 -1 1138.980000 32394.960000 18595.170000
864 494 469 -1 2670.180000 58695.800000 31124.600000
865 477 470 -1 2039.600000 31908.960000 64879.340000
866 498 471 -1 97.690000 19639.090000 14966.200000
867 506 477 -1 59.890000 33948.560000 64600.750000
868 509 479 -1 345.370000 63959.860000 46865.050000
869 516 480 -1 1188.940000 42823.420000 28955.260000
870 505 481 -1 655.120000 36123.630000 26875.840000
871 514 482 -1 1177.960000 32134.920000 39732.530000
872 508 483 -1 356.710000 18081.960000 60216.830000
873 956 484 -1 2286.020000 18096.470000 35466.440000
874 501 486 -1 2144.490000 59018.690000 18443.170000
875 504 488 -1 2442.180000 47811.180000 29611.520000
876 507 490 -1 598.630000 53320.920000 40961.210000
877 957 491 -1 3978.900000 38698.900000 40417.720000
878 515 492 -1 999.020000 27207.150000 48035.170000
879 958 937 -1 1186.060000 33533.940000 14304.660000
880 513 494 -1 202.800000 61365.980000 26484.080000
881 511 938 -1 295.400000 10504.440000 35466.440000
882 510 496 -1 181.260000 51395.050000 10726.340000
883 518 497 -1 1314.670000 51407.620000 45828.960000
884 519 498 -1 514.900000 19736.780000 11270.140000
885 520 500 -1 4974.790000 36331.760000 10907.610000
886 522 503 -1 590.800000 11686.050000 39155.700000
887 516 504 -1 1356.640000 45369.000000 28955.260000
888 517 505 -1 1577.780000 36778.750000 28299.000000
889 521 506 -1 8993.690000 33888.670000 57747.000000
890 512 508 -1 460.390000 17725.250000 57747.000000
891 525 509 -1 7975.830000 64305.230000 46519.690000
892 520 510 -1 10269.760000 51576.310000 10907.610000
893 522 511 -1 295.410000 10799.840000 39155.700000
894 959 513 -1 7533.630000 61163.180000 28299.000000
895 528 515 -1 2533.240000 26208.130000 42633.300000
896 523 516 -1 2597.540000 44012.360000 28299.000000
897 960 518 -1 907.260000 52722.290000 46519.690000
898 961 520 -1 6586.550000 41306.550000 11270.140000
899 962 522 -1 4715.200000 11095.250000 47506.820000
900 528 524 -1 2215.590000 30956.960000 42633.300000
901 963 941 -1 2699.850000 56329.400000 33575.340000
902 964 942 -1 811.850000 33908.150000 33575.340000
903 529 528 -1 3846.390000 28741.370000 49987.630000
904 965 943 -1 1138.280000 35858.280000 36723.326443
905 533 532 -1 7960.113126 24894.980000 36723.326443
906 549 22 -1 1409.500000 52707.000000 34819.500000
907 566 45 -1 1555.065000 30550.000000 15804.075000
908 574 57 -1 75.405000 16846.000000 53834.925000
909 352 98 -1 1037.150000 67490.000000 34819.500000
910 617 117 -1 1642.565000 62073.000000 15804.075000
911 625 129 -1 967.925000 33860.000000 15804.075000
912 344 134 -1 128.860000 34720.000000 16772.000000
913 646 154 -1 14.730000 29348.000000 34819.500000
914 655 173 -1 80.210000 36373.000000 34819.500000
915 658 177 -1 119.450000 13824.000000 34819.500000
916 370 190 -1 1722.160000 15810.450000 29124.000000
917 705 232 -1 87.570000 33273.000000 34819.500000
918 278 247 -1 0.420000 53629.550000 36229.000000
919 752 295 -1 321.520000 29888.670000 34819.500000
920 383 299 -1 834.760000 53629.550000 49116.000000
921 761 308 -1 2345.265000 28000.660000 53834.925000
922 784 348 -1 1752.040000 58501.220000 34819.500000
923 450 354 -1 136.530000 45369.000000 34819.500000
924 791 360 -1 3410.450000 14144.150000 34819.500000
925 795 366 -1 2794.685000 51374.810000 53834.925000
926 823 405 -1 1223.615000 50994.560000 15804.075000
927 482 407 -1 2585.080000 34720.000000 34899.710000
928 472 412 -1 2418.680000 7585.990000 34819.500000
929 847 442 -1 837.875000 19834.480000 15804.075000
930 501 447 -1 2639.095000 61163.180000 15804.075000
931 490 454 -1 308.630000 53629.550000 41438.000000
932 858 458 -1 80.210000 30940.990000 34819.500000
933 481 463 -1 1403.630000 34720.000000 28486.000000
934 496 468 -1 2504.655000 51395.050000 15804.075000
935 512 474 -1 1454.410000 15810.450000 57747.000000
936 517 487 -1 480.970000 34720.000000 28299.000000
937 879 493 -1 1499.415000 33533.940000 15804.075000
938 881 495 -1 646.940000 10504.440000 34819.500000
939 519 499 -1 3411.430000 15810.450000 11270.140000
940 529 521 -1 3847.295000 24894.980000 53834.925000
941 901 525 -1 1244.160000 56329.400000 34819.500000
942 902 526 -1 17771.265000 33908.150000 15804.075000
943 904 531 -1 1903.826443 35858.280000 34819.500000
944 396 552 -1 215.000000 34720.000000 28993.020000
945 415 564 -1 39.550000 15810.450000 9975.770000
946 369 619 -1 1676.450000 53629.550000 5229.480000
947 419 623 -1 2234.500000 53629.550000 18660.870000
948 299 718 -1 239.890000 53629.550000 49116.000000
949 423 762 -1 1515.330000 15810.450000 67408.900000
950 442 792 -1 4024.030000 15810.450000 19372.700000
951 439 794 -1 1528.130000 15810.450000 4374.540000
952 477 796 -1 771.440000 34720.000000 64879.340000
953 470 798 -1 2811.040000 34720.000000 64849.400000
954 460 800 -1 891.220000 34720.000000 59939.340000
955 510 853 -1 2053.240000 53629.550000 10726.340000
956 511 873 -1 5010.610000 15810.450000 35466.440000
957 524 877 -1 3763.040000 34720.000000 40417.720000
958 500 879 -1 1611.760000 34720.000000 14304.660000
959 527 894 -1 4077.370000 53629.550000 28299.000000
960 525 897 -1 2699.850000 53629.550000 46519.690000
961 526 898 -1 811.850000 34720.000000 11270.140000
962 532 899 -1 9084.530000 15810.450000 47506.820000
963 530 901 -1 4077.370000 53629.550000 33575.340000
964 531 902 -1 1138.280000 34720.000000 33575.340000
965 533 904 -1 1864.906874 34720.000000 36723.326443
